# Blender v2.76 (sub 0) OBJ File: 'Suzanne.blend'
# www.blender.org
mtllib Suzanne.mtl
o Icosphere
v -0.239467 1.223134 1.073270
v 0.463658 1.223134 1.073270
v -0.239467 1.348134 1.096707
v 0.463658 1.348134 1.096707
v -0.153529 1.262196 1.088895
v 0.377721 1.262196 1.088895
v -0.114467 1.348134 1.088895
v 0.338658 1.348134 1.088895
v -0.153529 1.441884 1.088895
v 0.377721 1.441884 1.088895
v -0.239467 1.480946 1.073270
v 0.463658 1.480946 1.073270
v -0.333217 1.441884 1.049832
v 0.557408 1.441884 1.049832
v -0.364467 1.348134 1.042020
v 0.588658 1.348134 1.042020
v -0.356654 1.348134 1.026395
v 0.580846 1.348134 1.026395
v -0.450404 1.348134 0.940457
v 0.674596 1.348134 0.940457
v -0.512904 1.348134 0.831082
v 0.737096 1.348134 0.831082
v -0.434779 1.543446 0.846707
v 0.658971 1.543446 0.846707
v -0.387904 1.496571 0.956082
v 0.612096 1.496571 0.956082
v -0.325404 1.434071 1.034207
v 0.549596 1.434071 1.034207
v -0.239467 1.465321 1.049832
v 0.463658 1.465321 1.049832
v -0.239467 1.559071 0.987332
v 0.463658 1.559071 0.987332
v -0.239467 1.621571 0.885770
v 0.463658 1.621571 0.885770
v -0.044154 1.543446 0.917020
v 0.268346 1.543446 0.917020
v -0.091029 1.496571 1.010770
v 0.315221 1.496571 1.010770
v -0.161342 1.434071 1.065457
v 0.385533 1.434071 1.065457
v -0.130092 1.348134 1.065457
v 0.354283 1.348134 1.065457
v -0.028529 1.348134 1.010770
v 0.252721 1.348134 1.010770
v 0.033971 1.348134 0.924832
v 0.190221 1.348134 0.924832
v -0.044154 1.160634 0.917020
v 0.268346 1.160634 0.917020
v -0.091029 1.199696 1.010770
v 0.315221 1.199696 1.010770
v -0.161342 1.270009 1.065457
v 0.385533 1.270009 1.065457
v -0.239467 1.238759 1.049832
v 0.463658 1.238759 1.049832
v -0.239467 1.137196 0.987332
v 0.463658 1.137196 0.987332
v -0.239467 1.082509 0.885770
v 0.463658 1.082509 0.885770
v -0.434779 1.160634 0.846707
v 0.658971 1.160634 0.846707
v -0.387904 1.199696 0.956082
v 0.612096 1.199696 0.956082
v -0.325404 1.270009 1.034207
v 0.549596 1.270009 1.034207
v 0.557408 1.262196 1.049832
v -0.333217 1.262196 1.049832
v 0.112096 1.535634 1.010770
v 0.112096 1.457509 1.088895
v 0.112096 0.426259 1.002957
v 0.112096 0.785634 1.049832
v 0.112096 0.918446 1.065457
v 0.112096 0.332509 0.987332
v 0.112096 1.512196 0.870145
v 0.112096 1.676259 0.838895
v 0.112096 2.004384 -0.278293
v 0.112096 1.668446 -0.582980
v 0.112096 1.176259 -0.559543
v 0.112096 0.723134 -0.082980
v 0.315221 0.918446 0.831082
v -0.091029 0.918446 0.831082
v 0.424596 0.668446 0.838895
v -0.200404 0.668446 0.838895
v 0.463658 0.410634 0.838895
v -0.239467 0.410634 0.838895
v 0.479283 0.215321 0.799832
v -0.255092 0.215321 0.799832
v 0.440221 0.160634 0.792020
v -0.216029 0.160634 0.792020
v 0.291783 0.137196 0.823270
v -0.067592 0.137196 0.823270
v 0.112096 0.121571 0.846707
v 0.549596 0.965321 0.799832
v -0.325404 0.965321 0.799832
v 0.744908 1.066884 0.807645
v -0.520717 1.066884 0.807645
v 0.940221 1.254384 0.713895
v -0.716029 1.254384 0.713895
v 0.971471 1.535634 0.862332
v -0.747279 1.535634 0.862332
v 0.823033 1.590321 0.893582
v -0.598842 1.590321 0.893582
v 0.604283 1.707509 0.956082
v -0.380092 1.707509 0.956082
v 0.432408 1.863759 1.002957
v -0.208217 1.863759 1.002957
v 0.268346 1.824696 1.026395
v -0.044154 1.824696 1.026395
v 0.174596 1.598134 1.018582
v 0.049596 1.598134 1.018582
v 0.276158 1.520009 1.042020
v -0.051967 1.520009 1.042020
v 0.237096 1.410634 1.034207
v -0.012904 1.410634 1.034207
v 0.315221 1.199696 1.010770
v -0.091029 1.199696 1.010770
v 0.487096 1.121571 0.971707
v -0.262904 1.121571 0.971707
v 0.604283 1.168446 0.940457
v -0.380092 1.168446 0.940457
v 0.737096 1.293446 0.917020
v -0.512904 1.293446 0.917020
v 0.752721 1.402821 0.917020
v -0.528529 1.402821 0.917020
v 0.713658 1.480946 0.932645
v -0.489467 1.480946 0.932645
v 0.541783 1.543446 0.987332
v -0.317592 1.543446 0.987332
v 0.362096 1.574696 1.026395
v -0.137904 1.574696 1.026395
v 0.112096 0.340321 1.002957
v 0.221471 0.387196 1.002957
v 0.002721 0.387196 1.002957
v 0.229283 0.270009 0.979520
v -0.005092 0.270009 0.979520
v 0.174596 0.223134 0.963895
v 0.049596 0.223134 0.963895
v 0.112096 0.215321 0.956082
v 0.112096 0.910634 1.018582
v 0.112096 0.965321 1.010770
v 0.213658 0.957509 1.010770
v 0.010533 0.957509 1.010770
v 0.237096 0.879384 1.018582
v -0.012904 0.879384 1.018582
v 0.198033 0.816884 1.010770
v 0.026158 0.816884 1.010770
v 0.510533 1.059071 0.940457
v -0.286342 1.059071 0.940457
v 0.729283 1.160634 0.893582
v -0.505092 1.160634 0.893582
v 0.838658 1.309071 0.870145
v -0.614467 1.309071 0.870145
v 0.854283 1.480946 0.924832
v -0.630092 1.480946 0.924832
v 0.799596 1.520009 0.995145
v -0.575404 1.520009 0.995145
v 0.549596 1.652821 1.065457
v -0.325404 1.652821 1.065457
v 0.424596 1.746571 1.104520
v -0.200404 1.746571 1.104520
v 0.315221 1.723134 1.120145
v -0.091029 1.723134 1.120145
v 0.213658 1.535634 1.112332
v 0.010533 1.535634 1.112332
v 0.237096 1.004384 1.081082
v -0.012904 1.004384 1.081082
v 0.323033 0.660634 0.979520
v -0.098842 0.660634 0.979520
v 0.362096 0.402821 0.956082
v -0.137904 0.402821 0.956082
v 0.377721 0.285634 0.932645
v -0.153529 0.285634 0.932645
v 0.346471 0.191884 0.901395
v -0.122279 0.191884 0.901395
v 0.276158 0.176259 0.901395
v -0.051967 0.176259 0.901395
v 0.112096 0.160634 0.909207
v 0.112096 1.152821 0.995145
v 0.112096 1.316884 1.034207
v 0.440221 1.582509 1.010770
v -0.216029 1.582509 1.010770
v 0.276158 1.246571 1.018582
v -0.051967 1.246571 1.018582
v 0.244908 1.316884 1.026395
v -0.020717 1.316884 1.026395
v 0.229283 0.418446 1.002957
v -0.005092 0.418446 1.002957
v 0.190221 0.660634 1.018582
v 0.033971 0.660634 1.018582
v 0.112096 0.660634 1.018582
v 0.112096 0.777821 1.010770
v 0.205846 0.832509 1.049832
v 0.018346 0.832509 1.049832
v 0.244908 0.879384 1.065457
v -0.020717 0.879384 1.065457
v 0.221471 0.973134 1.049832
v 0.002721 0.973134 1.049832
v 0.151158 0.980946 1.049832
v 0.073033 0.980946 1.049832
v 0.112096 0.902821 1.096707
v 0.158971 0.957509 1.081082
v 0.065221 0.957509 1.081082
v 0.205846 0.949696 1.081082
v 0.018346 0.949696 1.081082
v 0.221471 0.879384 1.096707
v 0.002721 0.879384 1.096707
v 0.190221 0.855946 1.073270
v 0.033971 0.855946 1.073270
v 0.112096 0.816884 1.073270
v 0.369908 0.793446 0.823270
v -0.145717 0.793446 0.823270
v 0.276158 0.863759 0.979520
v -0.051967 0.863759 0.979520
v 0.291783 0.793446 0.979520
v -0.067592 0.793446 0.979520
v 0.346471 0.855946 0.823270
v -0.122279 0.855946 0.823270
v 0.112096 0.230946 0.956082
v 0.158971 0.238759 0.956082
v 0.065221 0.238759 0.956082
v 0.205846 0.285634 0.979520
v 0.018346 0.285634 0.979520
v 0.205846 0.363759 0.995145
v 0.018346 0.363759 0.995145
v 0.112096 0.324696 0.924832
v 0.205846 0.355946 0.932645
v 0.018346 0.355946 0.932645
v 0.205846 0.293446 0.909207
v 0.018346 0.293446 0.909207
v 0.158971 0.254384 0.901395
v 0.065221 0.254384 0.901395
v 0.112096 0.246571 0.901395
v 0.283971 1.324696 1.049832
v -0.059779 1.324696 1.049832
v 0.299596 1.262196 1.042020
v -0.075404 1.262196 1.042020
v 0.448033 1.535634 1.026395
v -0.223842 1.535634 1.026395
v 0.385533 1.527821 1.042020
v -0.161342 1.527821 1.042020
v 0.533971 1.504384 1.042020
v -0.309779 1.504384 1.042020
v 0.674596 1.457509 0.963895
v -0.450404 1.457509 0.963895
v 0.698033 1.395009 0.956082
v -0.473842 1.395009 0.956082
v 0.690221 1.301259 0.948270
v -0.466029 1.301259 0.948270
v 0.588658 1.207509 0.987332
v -0.364467 1.207509 0.987332
v 0.487096 1.168446 1.010770
v -0.262904 1.168446 1.010770
v 0.338658 1.215321 1.049832
v -0.114467 1.215321 1.049832
v 0.291783 1.402821 1.049832
v -0.067592 1.402821 1.049832
v 0.323033 1.480946 1.049832
v -0.098842 1.480946 1.049832
v 0.346471 1.465321 1.026395
v -0.122279 1.465321 1.026395
v 0.307408 1.402821 1.026395
v -0.083217 1.402821 1.026395
v 0.354283 1.230946 1.026395
v -0.130092 1.230946 1.026395
v 0.487096 1.191884 0.995145
v -0.262904 1.191884 0.995145
v 0.573033 1.223134 0.971707
v -0.348842 1.223134 0.971707
v 0.658971 1.316884 0.940457
v -0.434779 1.316884 0.940457
v 0.666783 1.387196 0.940457
v -0.442592 1.387196 0.940457
v 0.643346 1.441884 0.948270
v -0.419154 1.441884 0.948270
v 0.526158 1.496571 1.018582
v -0.301967 1.496571 1.018582
v 0.393346 1.504384 1.034207
v -0.169154 1.504384 1.034207
v 0.448033 1.512196 1.018582
v -0.223842 1.512196 1.018582
v 0.315221 1.277821 1.018582
v -0.091029 1.277821 1.018582
v 0.307408 1.332509 1.018582
v -0.083217 1.332509 1.018582
v 0.221471 1.566884 0.877957
v 0.002721 1.566884 0.877957
v 0.307408 1.770009 0.885770
v -0.083217 1.770009 0.885770
v 0.448033 1.793446 0.862332
v -0.223842 1.793446 0.862332
v 0.596471 1.660634 0.823270
v -0.372279 1.660634 0.823270
v 0.791783 1.559071 0.760770
v -0.567592 1.559071 0.760770
v 0.908971 1.512196 0.729520
v -0.684779 1.512196 0.729520
v 0.885533 1.270009 0.643582
v -0.661342 1.270009 0.643582
v 0.713658 1.105946 0.682645
v -0.489467 1.105946 0.682645
v 0.549596 1.012196 0.737332
v -0.325404 1.012196 0.737332
v 0.112096 2.004384 0.557645
v 0.112096 2.090322 0.190457
v 0.112096 0.910634 -0.403293
v 0.112096 0.645009 0.456082
v 0.112096 0.129384 0.729520
v 0.112096 0.301259 0.612332
v 0.112096 0.535634 0.588895
v 0.112096 0.621571 0.549832
v 0.963658 1.340321 0.323270
v -0.739467 1.340321 0.323270
v 0.971471 1.426259 0.221707
v -0.747279 1.426259 0.221707
v 0.885533 1.371571 -0.168918
v -0.661342 1.371571 -0.168918
v 0.573033 1.543446 -0.434543
v -0.348842 1.543446 -0.434543
v 0.846471 1.059071 0.338895
v -0.622279 1.059071 0.338895
v 0.705846 0.980946 0.104520
v -0.481654 0.980946 0.104520
v 0.752721 1.098134 -0.161105
v -0.528529 1.098134 -0.161105
v 0.448033 1.160634 -0.395480
v -0.223842 1.160634 -0.395480
v 0.346471 0.754384 0.674832
v -0.122279 0.754384 0.674832
v 0.291783 0.691884 0.526395
v -0.067592 0.691884 0.526395
v 0.401158 0.395009 0.651395
v -0.176967 0.395009 0.651395
v 0.362096 0.605946 0.659207
v -0.137904 0.605946 0.659207
v 0.440221 0.191884 0.667020
v -0.216029 0.191884 0.667020
v 0.252721 0.348134 0.635770
v -0.028529 0.348134 0.635770
v 0.237096 0.566884 0.627957
v -0.012904 0.566884 0.627957
v 0.276158 0.160634 0.706082
v -0.051967 0.160634 0.706082
v 0.330846 0.824696 0.698270
v -0.106654 0.824696 0.698270
v 0.323033 0.879384 0.737332
v -0.098842 0.879384 0.737332
v 0.315221 0.934071 0.768582
v -0.091029 0.934071 0.768582
v 0.323033 0.715321 0.432645
v -0.098842 0.715321 0.432645
v 0.408971 0.793446 0.002957
v -0.184779 0.793446 0.002957
v 0.455846 0.957509 -0.270480
v -0.231654 0.957509 -0.270480
v 0.565221 1.973134 -0.114230
v -0.341029 1.973134 -0.114230
v 0.565221 2.035634 0.198270
v -0.341029 2.035634 0.198270
v 0.565221 1.957509 0.502957
v -0.341029 1.957509 0.502957
v 0.573033 1.629384 0.698270
v -0.348842 1.629384 0.698270
v 0.838658 1.512196 0.604520
v -0.614467 1.512196 0.604520
v 0.744908 1.559071 0.549832
v -0.520717 1.559071 0.549832
v 0.752721 1.809071 0.323270
v -0.528529 1.809071 0.323270
v 0.908971 1.668446 0.393582
v -0.684779 1.668446 0.393582
v 0.908971 1.723134 0.151395
v -0.684779 1.723134 0.151395
v 0.752721 1.855946 0.073270
v -0.528529 1.855946 0.073270
v 0.752721 1.785634 -0.176730
v -0.528529 1.785634 -0.176730
v 0.908971 1.645009 -0.090793
v -0.684779 1.645009 -0.090793
v 0.729283 1.434071 -0.317355
v -0.505092 1.434071 -0.317355
v 0.596471 1.129384 -0.278293
v -0.372279 1.129384 -0.278293
v 0.932408 1.434071 0.065457
v -0.708217 1.434071 0.065457
v 0.518346 0.934071 0.417020
v -0.294154 0.934071 0.417020
v 0.541783 0.910634 0.057645
v -0.317592 0.910634 0.057645
v 1.002721 1.512196 0.034207
v -0.778529 1.512196 0.034207
v 0.885533 0.965321 0.143582
v -0.661342 0.965321 0.143582
v 1.151158 1.004384 -0.059543
v -0.926967 1.004384 -0.059543
v 1.393346 1.160634 -0.161105
v -1.169154 1.160634 -0.161105
v 1.463658 1.426259 -0.153293
v -1.239467 1.426259 -0.153293
v 1.346471 1.613759 -0.153293
v -1.122279 1.613759 -0.153293
v 1.135533 1.582509 -0.043918
v -0.911342 1.582509 -0.043918
v 1.127721 1.520009 -0.020480
v -0.903529 1.520009 -0.020480
v 1.299596 1.543446 -0.122043
v -1.075404 1.543446 -0.122043
v 1.377721 1.395009 -0.137668
v -1.153529 1.395009 -0.137668
v 1.323033 1.184071 -0.137668
v -1.098842 1.184071 -0.137668
v 1.143346 1.066884 -0.036105
v -0.919154 1.066884 -0.036105
v 0.940221 1.035634 0.135770
v -0.716029 1.035634 0.135770
v 1.033971 1.465321 0.049832
v -0.809779 1.465321 0.049832
v 1.057408 1.410634 -0.020480
v -0.833217 1.410634 -0.020480
v 0.994908 1.082509 0.057645
v -0.770717 1.082509 0.057645
v 1.151158 1.105946 -0.098605
v -0.926967 1.105946 -0.098605
v 1.299596 1.199696 -0.176730
v -1.075404 1.199696 -0.176730
v 1.346471 1.355946 -0.176730
v -1.122279 1.355946 -0.176730
v 1.283971 1.465321 -0.168918
v -1.059779 1.465321 -0.168918
v 1.135533 1.449696 -0.090793
v -0.911342 1.449696 -0.090793
v 0.955846 1.395009 0.057645
v -0.731654 1.395009 0.057645
v 0.948033 1.277821 -0.004855
v -0.723842 1.277821 -0.004855
v 0.869908 1.199696 -0.004855
v -0.645717 1.199696 -0.004855
v 0.932408 1.191884 -0.004855
v -0.708217 1.191884 -0.004855
v 0.955846 1.121571 -0.004855
v -0.731654 1.121571 -0.004855
v 0.924596 1.090321 -0.004855
v -0.700404 1.090321 -0.004855
v 0.838658 1.105946 0.198270
v -0.614467 1.105946 0.198270
v 0.830846 1.082509 0.096707
v -0.606654 1.082509 0.096707
v 0.830846 1.145009 0.081082
v -0.606654 1.145009 0.081082
v 0.908971 1.309071 0.057645
v -0.684779 1.309071 0.057645
v 1.002721 1.348134 0.002957
v -0.778529 1.348134 0.002957
v 1.002721 1.340321 -0.051730
v -0.778529 1.340321 -0.051730
v 0.924596 1.090321 -0.051730
v -0.700404 1.090321 -0.051730
v 0.963658 1.121571 -0.051730
v -0.739467 1.121571 -0.051730
v 0.940221 1.184071 -0.051730
v -0.716029 1.184071 -0.051730
v 0.877721 1.199696 -0.051730
v -0.653529 1.199696 -0.051730
v 0.955846 1.277821 -0.051730
v -0.731654 1.277821 -0.051730
v 1.151158 1.434071 -0.145480
v -0.926967 1.434071 -0.145480
v 1.299596 1.449696 -0.215793
v -1.075404 1.449696 -0.215793
v 1.369908 1.348134 -0.223605
v -1.145717 1.348134 -0.223605
v 1.323033 1.191884 -0.215793
v -1.098842 1.191884 -0.215793
v 1.158971 1.105946 -0.153293
v -0.934779 1.105946 -0.153293
v 0.994908 1.090321 0.002957
v -0.770717 1.090321 0.002957
v 1.065221 1.395009 -0.075168
v -0.841029 1.395009 -0.075168
v 1.002721 1.215321 -0.059543
v -0.778529 1.215321 -0.059543
v 1.049596 1.168446 -0.067355
v -0.825404 1.168446 -0.067355
v 1.112096 1.230946 -0.098605
v -0.887904 1.230946 -0.098605
v 1.073033 1.277821 -0.082980
v -0.848842 1.277821 -0.082980
v 1.127721 1.340321 -0.106418
v -0.903529 1.340321 -0.106418
v 1.166783 1.293446 -0.114230
v -0.942592 1.293446 -0.114230
v 1.221471 1.316884 -0.122043
v -0.997279 1.316884 -0.122043
v 1.198033 1.379384 -0.122043
v -0.973842 1.379384 -0.122043
v 1.135533 1.543446 -0.215793
v -0.911342 1.543446 -0.215793
v 1.362096 1.574696 -0.278293
v -1.137904 1.574696 -0.278293
v 1.479283 1.402821 -0.231418
v -1.255092 1.402821 -0.231418
v 1.424596 1.160634 -0.262668
v -1.200404 1.160634 -0.262668
v 1.151158 1.020009 -0.223605
v -0.926967 1.020009 -0.223605
v 0.901158 0.980946 -0.059543
v -0.676967 0.980946 -0.059543
v 0.971471 1.488759 -0.114230
v -0.747279 1.488759 -0.114230
vn 0.781600 0.305800 -0.543700
vn -0.825100 0.296800 0.480800
vn -0.688500 0.383000 0.615800
vn -0.424600 0.771100 0.474500
vn -0.786800 0.121000 0.605200
vn -0.332900 0.523100 0.784600
vn -0.789500 -0.315800 0.526300
vn 0.082100 0.602300 0.794000
vn 0.337800 0.522100 0.783100
vn 0.256000 0.807300 0.531700
vn -0.768300 0.329300 0.548800
vn -0.287300 -0.574700 0.766300
vn 0.287300 -0.574700 0.766300
vn 0.326500 -0.495400 0.805000
vn -0.326500 -0.495400 0.805000
vn 0.386100 0.544600 0.744500
vn 0.789500 -0.315800 0.526300
vn 0.782400 -0.329400 0.528500
vn -0.848000 0.318000 0.424000
vn 0.273800 -0.831500 0.483400
vn -0.509100 0.648200 0.566300
vn 0.064900 -0.571400 0.818100
vn 0.010700 -0.563300 -0.826200
vn 0.632600 0.535300 0.559600
vn -0.632600 0.535300 0.559600
vn -0.425800 -0.796700 0.429000
vn -0.210400 0.012400 0.977500
vn -0.832600 -0.301700 0.464600
vn -0.077900 -0.994800 -0.066300
vn -0.671300 -0.197100 0.714500
vn 0.661700 0.202600 0.721900
vn -0.635700 0.681100 -0.363300
vn -0.000000 0.000000 1.000000
vn -0.030100 0.230600 0.972600
vn 0.207400 -0.829600 -0.518500
vn -0.207400 -0.829600 -0.518500
vn -0.405600 -0.760500 -0.507000
vn 0.405600 -0.760500 -0.507000
vn -0.219700 0.862600 -0.455700
vn 0.266400 0.871000 -0.412700
vn -0.851900 -0.340800 -0.397600
vn 0.864200 0.314300 -0.392800
vn -0.438100 0.798800 -0.412300
vn -0.746600 -0.664600 0.028500
vn 0.203700 0.814600 -0.543100
vn 0.577100 0.216400 0.787500
vn 0.829700 -0.373400 -0.414900
vn -0.371400 0.868500 -0.328400
vn 0.400000 -0.062300 0.914400
vn -0.400000 -0.062300 0.914400
vn 0.306900 -0.175400 0.935400
vn -0.306900 -0.175400 0.935400
vn 0.094500 -0.183500 0.978500
vn -0.094500 -0.183500 0.978500
vn -0.062400 -0.028300 0.997700
vn 0.062400 -0.028300 0.997700
vn -0.062400 0.026000 0.997700
vn 0.062400 0.026000 0.997700
vn 0.099600 0.172900 0.979900
vn -0.099600 0.172900 0.979900
vn 0.303600 0.165600 0.938300
vn -0.303600 0.165600 0.938300
vn 0.400200 0.057200 0.914700
vn -0.400200 0.057200 0.914700
vn 0.105400 -0.843300 0.527000
vn -0.145200 0.377400 0.914600
vn 0.191600 -0.862000 0.469300
vn -0.230300 -0.865600 0.444700
vn 0.595900 -0.425600 0.681000
vn -0.407100 -0.895600 0.179100
vn 0.756300 -0.029900 0.653500
vn -0.632800 -0.764200 0.124700
vn -0.588100 -0.307000 -0.748300
vn 0.523600 -0.329000 -0.785900
vn 0.233400 -0.777900 0.583400
vn 0.865100 -0.485300 -0.126600
vn 0.417700 -0.575100 0.703400
vn -0.944800 0.191900 -0.265700
vn 0.687200 -0.419100 0.593400
vn 0.553700 -0.297800 0.777700
vn -0.650900 -0.193900 0.734000
vn 0.822700 0.360600 0.439500
vn -0.312700 0.342500 0.886000
vn -0.355700 -0.729000 0.584800
vn 0.944800 0.191900 -0.265700
vn 0.615500 0.492400 0.615500
vn -0.195200 -0.097600 -0.975900
vn -0.037100 0.668500 0.742800
vn 0.688500 0.383000 0.615800
vn -0.738600 0.376800 0.559000
vn -0.614400 0.769600 0.173800
vn -0.786100 0.327600 -0.524100
vn 0.851900 -0.340800 -0.397600
vn 0.089900 -0.784300 0.613800
vn 0.161600 0.184700 0.969400
vn 0.326300 -0.834200 -0.444600
vn -0.298600 -0.823600 -0.482100
vn -0.107300 -0.501000 0.858800
vn 0.034800 -0.579200 0.814400
vn -0.077000 -0.575900 0.813900
vn -0.411600 -0.857500 0.308700
vn 0.027900 -0.864500 0.501900
vn -0.054700 -0.169500 0.984000
vn 0.168700 -0.312800 0.934700
vn -0.426000 -0.060900 0.902700
vn 0.435000 -0.181200 0.882000
vn -0.207600 -0.083600 0.974600
vn 0.322300 -0.276200 0.905400
vn -0.357900 -0.306800 0.881900
vn 0.481500 -0.240800 0.842700
vn -0.306900 0.211300 0.928000
vn -0.031700 -0.189900 0.981300
vn 0.031700 -0.189900 0.981300
vn 0.403600 0.739900 0.538100
vn -0.424400 0.903400 -0.060600
vn 0.214400 -0.834100 -0.508200
vn -0.446300 -0.845200 -0.294100
vn 0.058500 -0.084500 0.994700
vn -0.465800 -0.186300 0.865100
vn -0.013600 -0.650700 0.759200
vn 0.013600 -0.650700 0.759200
vn 0.240400 -0.547600 0.801400
vn -0.240400 -0.547600 0.801400
vn 0.132200 -0.594700 0.793000
vn -0.127200 0.965800 0.226000
vn 0.282100 -0.016400 0.959200
vn -0.113200 -0.027400 -0.993200
vn 0.311900 -0.146200 0.938800
vn 0.431900 -0.863900 0.259200
vn -0.595900 -0.425600 0.681000
vn 0.276000 0.915900 -0.291500
vn -0.276000 0.915900 -0.291500
vn -0.134800 0.808600 0.572700
vn 0.134800 0.808600 0.572700
vn 0.782600 -0.608700 -0.130400
vn -0.686900 -0.635800 0.352100
vn -0.668400 -0.459500 0.584900
vn 0.433200 -0.487400 0.758100
vn 0.101800 0.916500 -0.387000
vn -0.069300 0.900400 -0.429400
vn -0.946800 -0.277800 -0.162300
vn 1.000000 0.000000 0.000000
vn -0.282100 -0.016400 0.959200
vn 0.113200 -0.027400 -0.993200
vn 0.875300 0.205900 0.437600
vn -0.735700 0.391000 0.553100
vn -0.666700 0.666700 0.333300
vn 0.666700 0.666700 0.333300
vn 0.975800 0.124100 0.180000
vn -0.975800 0.124100 0.180000
vn 0.763900 0.297100 0.572900
vn 0.171700 -0.009000 0.985100
vn -0.782600 -0.608700 -0.130400
vn 0.686900 -0.635800 0.352100
vn 0.961300 0.147200 -0.233000
vn -0.961300 0.147200 -0.233000
vn -0.448000 -0.448000 0.773700
vn -0.063100 -0.820600 0.568100
vn 0.063100 -0.820600 0.568100
vn 0.732500 0.281700 0.619800
vn -0.732500 0.281700 0.619800
vn 0.331900 0.073800 0.940400
vn 0.505900 0.071600 0.859600
vn 0.281500 0.066200 0.957300
vn 0.548800 -0.329300 0.768300
vn -0.577100 0.216400 0.787500
vn -0.207400 0.829600 -0.518500
vn -0.262000 -0.957400 -0.121700
vn 0.262000 -0.957400 -0.121700
vn 0.958600 0.066400 0.276700
vn -0.958600 0.066400 0.276700
vn 0.252400 -0.865500 0.432700
vn -0.178300 -0.416100 0.891700
vn -0.175100 -0.204300 0.963100
vn 0.175100 -0.204300 0.963100
vn -0.121900 -0.182900 0.975500
vn -0.377800 0.634100 0.674600
vn -0.156200 0.312300 0.937000
vn -0.865100 -0.485300 -0.126600
vn -0.158200 0.949400 0.271300
vn 0.809600 0.242900 -0.534300
vn -0.723800 0.685700 0.076200
vn 0.897300 0.199400 0.393800
vn -1.000000 0.000000 0.000000
vn -0.796400 0.132300 -0.590100
vn 0.305100 -0.945000 0.118100
vn 0.335600 -0.239700 0.911000
vn 0.047800 -0.287000 0.956700
vn -0.047800 -0.287000 0.956700
vn 0.736500 -0.615400 -0.280800
vn -0.697300 -0.661000 -0.277100
vn 0.173800 0.009700 0.984700
vn -0.104600 0.039200 0.993700
vn -0.494500 -0.113000 0.861800
vn 0.635700 0.681100 -0.363300
vn -0.024700 0.407200 0.913000
vn 0.024700 0.407200 0.913000
vn 0.405600 0.760500 -0.507000
vn 0.637400 -0.765100 0.091500
vn -0.115600 -0.635900 0.763100
vn 0.355300 -0.573900 0.737900
vn 0.424200 -0.621100 0.659000
vn 0.850700 0.365000 -0.378300
vn 0.525200 -0.177800 0.832200
vn 0.587100 -0.083900 0.805200
vn -0.285400 0.623700 0.727700
vn 0.577400 0.115500 0.808300
vn -0.369300 -0.471200 -0.801000
vn 0.521400 0.657400 0.544000
vn -0.408200 0.408200 0.816500
vn 0.335800 0.347800 0.875400
vn -0.567900 0.191600 0.800500
vn 0.832600 -0.301700 0.464600
vn 0.077900 -0.994800 -0.066300
vn -0.829700 -0.373400 -0.414900
vn 0.365300 0.883300 -0.293800
vn -0.082300 -0.782200 0.617500
vn -0.201600 -0.907100 0.369500
vn 0.262700 -0.225200 0.938200
vn -0.693500 0.685700 -0.221200
vn -0.063100 -0.315600 0.946800
vn 0.376600 -0.833900 0.403500
vn -0.314300 -0.392800 0.864200
vn -0.516100 -0.852700 -0.081200
vn 0.413400 0.041300 0.909600
vn -0.246100 0.085200 0.965500
vn -0.456800 0.050800 0.888100
vn -0.050200 0.234300 0.970900
vn 0.006600 -0.231600 0.972800
vn 0.465800 -0.186300 0.865100
vn -0.048700 0.681500 0.730200
vn -0.528100 -0.835400 0.152200
vn -0.894500 0.433700 0.108400
vn 0.950100 0.245500 -0.192200
vn 0.154800 0.508000 0.847300
vn -0.587100 -0.083900 0.805200
vn -0.920200 0.135500 -0.367200
vn 0.900400 0.364200 -0.238000
vn 0.807000 -0.080700 0.585100
vn -0.314000 0.571100 -0.758500
vn 0.425800 -0.796700 0.429000
vn 0.122000 0.045800 0.991500
vn -0.710400 0.136400 -0.690400
vn 0.630400 0.251700 -0.734300
vn -0.565700 0.119700 0.815900
vn 0.372700 -0.475900 -0.796600
vn -0.559700 -0.553300 0.616900
vn 0.613800 -0.257100 0.746500
vn 0.591400 0.748900 -0.299100
vn -0.178200 -0.089100 0.980000
vn 0.581500 -0.521700 0.624300
vn -0.572400 -0.312200 0.758200
vn 0.702200 -0.702200 0.117000
vn -0.702200 -0.702200 0.117000
vn -0.547000 -0.014400 -0.837000
vn -0.887300 0.134300 -0.441200
vn 0.544200 -0.752400 -0.371200
vn 0.255600 -0.074900 -0.963900
vn 0.402700 -0.732300 -0.549200
vn 0.233500 0.897200 0.374900
vn 0.181900 0.114500 -0.976600
vn -0.181900 0.114500 -0.976600
vn 0.494500 -0.113000 0.861800
vn -0.688800 0.186800 0.700500
vn -0.525200 -0.177800 0.832200
vn 0.292500 -0.075800 0.953300
vn 0.424400 -0.032000 0.904900
vn -0.378700 -0.036400 0.924800
vn 0.109400 -0.971800 -0.208900
vn -0.760600 -0.340000 0.553100
vn 0.815000 -0.562100 -0.140500
vn -0.815000 -0.562100 -0.140500
vn 0.939600 0.157300 -0.304100
vn -0.322800 -0.046100 0.945300
vn -0.323100 0.031100 0.945900
vn -0.548800 -0.329300 0.768300
vn -0.149700 -0.363500 -0.919500
vn -0.688800 -0.442800 0.574000
vn 0.370600 -0.678000 -0.634900
vn -0.909400 0.137100 -0.392700
vn 0.927800 0.183800 -0.324600
vn 0.693500 0.685700 -0.221200
vn -0.064900 -0.571400 0.818100
vn 0.256200 -0.311200 -0.915200
vn 0.933700 0.281300 -0.221500
vn 0.945700 0.267300 -0.185000
vn 0.021300 0.554600 0.831900
vn 0.528100 -0.835400 0.152200
vn 0.183500 -0.786400 -0.589800
vn -0.419600 0.885100 -0.201200
vn 0.926400 -0.246000 0.285100
vn -0.930900 -0.254100 0.262400
vn -0.807000 -0.080700 0.585100
vn 0.314000 0.571100 -0.758500
vn 0.786800 0.121000 0.605200
vn 0.405900 0.764100 0.501400
vn 0.299600 -0.944300 -0.136200
vn -0.039000 -0.350900 0.935600
vn 0.864200 -0.473700 0.169600
vn -0.830500 0.333300 -0.446300
vn 0.156200 0.312300 0.937000
vn -0.233400 -0.777900 0.583400
vn 0.418900 -0.226500 -0.879300
vn 0.000000 0.066500 0.997800
vn 0.000000 -0.066500 0.997800
vn 0.004300 -0.065100 0.997900
vn 0.120800 0.973400 -0.194700
vn 0.322800 -0.046100 0.945300
vn -0.498800 0.530000 0.685800
vn 0.498800 0.530000 0.685800
vn 0.323100 0.928800 -0.181700
vn -0.323100 0.928800 -0.181700
vn 0.045200 0.795500 0.604300
vn -0.045200 0.795500 0.604300
vn 0.115600 -0.635900 0.763100
vn -0.280400 -0.218100 0.934800
vn 0.048600 0.656000 0.753200
vn 0.829900 0.294000 0.474200
vn -0.438800 -0.200800 0.875900
vn 0.472300 -0.198600 0.858800
vn 0.317900 0.570400 -0.757400
vn -0.317900 0.570400 -0.757400
vn 0.628900 0.762400 -0.152500
vn 0.536400 -0.323000 0.779700
vn 0.708800 0.683300 0.175200
vn -0.318800 0.199300 0.926600
vn -0.109400 -0.971800 -0.208900
vn 0.723800 0.685700 0.076200
vn 0.495100 0.861800 -0.110000
vn -0.366900 0.884000 -0.289800
vn 0.925100 0.346900 0.154200
vn -0.943500 0.314500 0.104800
vn -0.360400 -0.828300 -0.429000
vn 0.360400 -0.828300 -0.429000
vn -0.263800 0.946200 -0.187100
vn 0.263800 0.946200 -0.187100
vn 0.411600 -0.857500 0.308700
vn 0.934000 0.225500 0.277300
vn 0.525600 -0.003000 -0.850700
vn -0.121100 -0.053000 -0.991200
vn 0.688800 -0.442800 0.574000
vn 0.262300 -0.349800 0.899400
vn -0.262300 -0.349800 0.899400
vn 0.995600 0.089300 -0.028800
vn 0.717700 0.168900 0.675500
vn -0.295000 -0.045400 -0.954400
vn 0.023200 0.051100 0.998400
vn 0.372000 -0.924400 0.084500
vn -0.372300 -0.924300 0.084700
vn -0.299600 -0.944300 -0.136200
vn 0.068500 -0.274100 0.959300
vn 0.307000 -0.523700 0.794600
vn -0.307000 -0.523700 0.794600
vn -0.708800 0.683300 0.175200
vn 0.181700 -0.007900 0.983300
vn 0.263700 -0.449900 0.853300
vn -0.263700 -0.449900 0.853300
vn 0.707100 -0.707100 0.000000
vn -0.707100 -0.707100 0.000000
vn 0.539600 -0.334300 -0.772700
vn 0.439000 -0.525200 0.729000
vn -0.593200 0.744500 -0.306300
vn 0.178200 -0.089100 0.980000
vn -0.402700 -0.732300 -0.549200
vn -0.233500 0.897200 0.374900
vn 0.497200 -0.440800 -0.747300
vn -0.497200 -0.440800 -0.747300
vn 0.324400 0.486700 0.811100
vn -0.369100 0.285500 0.884400
vn 0.464900 0.259300 0.846500
vn -0.464900 0.259300 0.846500
vn -0.159600 -0.957700 -0.239400
vn 0.484100 0.874300 -0.036100
vn 0.121900 -0.182900 0.975500
vn -0.101700 0.551800 0.827700
vn 0.584700 -0.219800 0.780900
vn -0.339800 0.082400 0.936900
vn -0.628900 0.762400 -0.152500
vn -0.507000 -0.628100 0.590300
vn -0.702800 -0.391500 0.593900
vn 0.650900 -0.193900 0.734000
vn -0.788500 0.236600 0.567700
vn 0.857600 0.222300 0.463700
vn -0.524200 -0.354800 0.774200
vn 0.525700 -0.357900 0.771700
vn 0.504100 0.644800 0.574500
vn -0.273800 -0.831500 0.483400
vn -0.498300 0.181200 0.847800
vn 0.498300 0.181200 0.847800
vn 0.630200 -0.765800 0.128200
vn -0.750700 -0.613100 -0.246100
vn -0.217500 0.273300 0.937000
vn 0.178800 0.292300 0.939500
vn 0.904600 -0.386900 -0.179200
vn -0.904600 -0.386900 -0.179200
vn 0.710400 0.271500 0.649400
vn 0.614400 0.769600 0.173800
vn 0.807300 0.590100 0.004100
vn -0.733000 0.678600 0.047200
vn 0.190000 0.971900 0.138800
vn -0.267300 0.801800 0.534500
vn 0.531300 0.584400 0.613400
vn -0.531300 0.584400 0.613400
vn 0.900800 -0.407500 0.150100
vn -0.553400 -0.553400 0.622500
vn 0.240800 0.963100 -0.120400
vn -0.124000 0.992100 0.020700
vn 0.030100 0.230600 0.972600
vn -0.840000 0.343600 -0.420000
vn 0.877900 -0.478800 0.007600
vn -0.877900 -0.478800 0.007600
vn 0.871700 -0.444600 -0.206300
vn -0.259500 0.103800 0.960100
vn 0.997200 -0.018100 -0.072500
vn -0.997200 -0.018100 -0.072500
vn 0.766100 -0.636300 0.090900
vn -0.253000 -0.189700 0.948700
vn -0.806900 0.068900 0.586600
vn 0.806900 0.068900 0.586600
vn -0.305100 -0.945000 0.118100
vn -0.335600 -0.239700 0.911000
vn 0.868100 0.089300 -0.488300
vn -0.136700 -0.874800 0.464800
vn 0.145200 0.377400 0.914600
vn 0.218100 -0.468500 0.856100
vn -0.218100 -0.468500 0.856100
vn -0.015700 0.989800 0.141400
vn 0.015700 0.989800 0.141400
vn 0.626600 -0.721100 0.295600
vn -0.626600 -0.721100 0.295600
vn 0.271400 -0.902200 0.335300
vn -0.271400 -0.902200 0.335300
vn -0.361700 -0.385800 -0.848700
vn 0.164900 -0.664400 -0.728900
vn -0.311900 -0.146200 0.938800
vn 0.111900 0.962600 0.246800
vn -0.543300 0.698500 -0.465700
vn -0.109600 0.993900 -0.015600
vn 0.826700 0.562700 -0.003500
vn -0.846500 0.529100 -0.059500
vn 0.793000 -0.594700 0.132200
vn -0.781500 -0.617600 0.088200
vn -0.424200 -0.621100 0.659000
vn -0.850700 0.365000 -0.378300
vn -0.248700 0.824900 0.507600
vn 0.765600 0.322300 0.556800
vn -0.981700 -0.030400 -0.188200
vn 0.130400 -0.260900 0.956500
vn -0.120800 0.973400 -0.194700
vn -0.939600 0.157300 -0.304100
vn -0.544200 -0.752400 -0.371200
vn -0.255600 -0.074900 -0.963900
vn 0.135100 -0.022500 0.990600
vn -0.135100 -0.022500 0.990600
vn -0.298100 0.745400 0.596300
vn 0.487000 0.608800 0.626200
vn 0.557100 -0.148600 0.817100
vn -0.557100 -0.148600 0.817100
vn 0.671300 -0.197100 0.714500
vn -0.687200 -0.419100 0.593400
vn 0.297500 -0.406200 0.864000
vn -0.578600 -0.133400 0.804600
vn -0.466300 -0.599100 0.650900
vn -0.469400 -0.240000 -0.849800
vn 0.298000 0.580200 0.758000
vn -0.298000 0.580200 0.758000
vn 0.093100 -0.993200 -0.069200
vn -0.093100 -0.993200 -0.069200
vn 0.516100 -0.852700 -0.081200
vn 0.185400 -0.495600 0.848500
vn -0.927800 0.183800 -0.324600
vn -0.262700 -0.225200 0.938200
vn 0.601300 0.526200 0.601300
vn -0.577400 0.577400 0.577400
vn 0.269200 -0.057700 0.961400
vn 0.037400 0.224700 0.973700
vn 0.251100 0.943900 -0.214500
vn -0.214600 0.924300 -0.315700
vn -0.766100 -0.636300 0.090900
vn 0.257000 0.072300 0.963700
vn -0.615500 0.492400 0.615500
vn 0.301100 -0.012500 -0.953500
vn 0.404600 0.026600 -0.914100
vn -0.404600 0.026600 -0.914100
vn -0.756300 -0.029900 0.653500
vn -0.323800 0.943400 -0.072000
vn 0.684400 -0.171100 -0.708800
vn -0.684400 -0.171100 -0.708800
vn -0.546000 -0.431000 0.718400
vn -0.505900 0.071600 0.859600
vn 0.230300 -0.865600 0.444700
vn -0.191600 -0.862000 0.469300
vn 0.312700 0.342500 0.886000
vn -0.822700 0.360600 0.439500
vn -0.034800 -0.579200 0.814400
vn 0.107300 -0.501000 0.858800
vn 0.054700 -0.169500 0.984000
vn -0.027900 -0.864500 0.501900
vn 0.426000 -0.060900 0.902700
vn -0.168700 -0.312800 0.934700
vn -0.435000 -0.181200 0.882000
vn 0.357900 -0.306800 0.881900
vn -0.322300 -0.276200 0.905400
vn 0.306900 0.211300 0.928000
vn -0.481500 -0.240800 0.842700
vn -0.335800 0.347800 0.875400
vn 0.567900 0.191600 0.800500
vn 0.100800 -0.710300 0.696600
vn -0.100800 -0.710300 0.696600
vn -0.681900 -0.291500 0.670900
vn 0.323300 -0.080800 0.942900
vn -0.323300 -0.080800 0.942900
vn 0.069300 0.900400 -0.429400
vn -0.101800 0.916500 -0.387000
vn 0.946800 -0.277800 -0.162300
vn -0.130400 -0.608700 0.782600
vn 0.130400 -0.608700 0.782600
vn -0.577300 -0.577400 0.577400
vn 0.577300 -0.577400 0.577400
vn 0.850500 0.379800 0.363800
vn -0.850500 0.379800 0.363800
vn 0.178300 -0.416100 0.891700
vn -0.252400 -0.865500 0.432700
vn -0.129600 -0.194500 0.972300
vn 0.129600 -0.194500 0.972300
vn 0.654700 -0.458900 0.600700
vn -0.654700 -0.458900 0.600700
vn 0.408200 0.408200 0.816500
vn -0.521400 0.657400 0.544000
vn -0.376600 -0.833900 0.403500
vn 0.063100 -0.315600 0.946800
vn 0.887300 0.134300 -0.441200
vn 0.909400 0.137100 -0.392700
vn -0.370600 -0.678000 -0.634900
vn -0.917300 0.344000 -0.200700
vn -0.933700 0.281300 -0.221500
vn 0.830500 0.333300 -0.446300
vn -0.864200 -0.473700 0.169600
vn 0.632800 -0.764200 0.124700
vn 0.256100 0.644700 0.720200
vn -0.256100 0.644700 0.720200
vn 0.682300 0.231800 -0.693300
vn -0.682300 0.231800 -0.693300
vn 0.366900 0.884000 -0.289800
vn 0.292500 0.567400 0.769700
vn -0.292500 0.567400 0.769700
vn -0.934000 0.225500 0.277300
vn 0.372300 -0.924300 0.084700
vn -0.372000 -0.924400 0.084500
vn 0.369100 0.285500 0.884400
vn -0.324400 0.486700 0.811100
vn 0.446700 0.097500 0.889400
vn -0.446700 0.097500 0.889400
vn 0.339800 0.082400 0.936900
vn -0.584700 -0.219800 0.780900
vn 0.484300 0.558000 0.673800
vn -0.484300 0.558000 0.673800
vn -0.267500 0.831800 0.486400
vn 0.267500 0.831800 0.486400
vn -0.857600 0.222300 0.463700
vn 0.788500 0.236600 0.567700
vn -0.525700 -0.357900 0.771700
vn 0.524200 -0.354800 0.774200
vn 0.750700 -0.613100 -0.246100
vn -0.630200 -0.765800 0.128200
vn -0.178800 0.292300 0.939500
vn 0.217500 0.273300 0.937000
vn -0.753300 0.287000 0.591800
vn 0.553400 -0.553400 0.622500
vn -0.900800 -0.407500 0.150100
vn 0.827100 0.532300 -0.180200
vn -0.827100 0.532300 -0.180200
vn -0.871700 -0.444600 -0.206300
vn 0.000000 1.000000 0.000000
vn 0.619700 -0.689900 0.374200
vn -0.619700 -0.689900 0.374200
vn 0.275200 -0.880800 0.385300
vn -0.275200 -0.880800 0.385300
vn 0.543300 0.698500 -0.465700
vn 0.109600 0.993900 -0.015700
vn -0.487000 0.608800 0.626200
vn 0.298100 0.745400 0.596300
vn 0.669300 0.180200 0.720800
vn -0.669300 0.180200 0.720800
vn 0.578600 -0.133400 0.804600
vn -0.297500 -0.406200 0.864000
vn 0.092900 -0.991200 -0.094400
vn -0.092900 -0.991200 -0.094400
vn 0.420000 -0.229100 -0.878100
vn -0.420000 -0.229100 -0.878100
vn -0.853800 0.232800 -0.465700
vn 0.158200 0.949400 0.271300
vn 0.840000 0.343600 -0.420000
vn -0.829900 0.294000 0.474200
vn -0.779100 0.407400 0.476400
vn -0.405900 0.764100 0.501400
vn -0.781400 0.111600 0.614000
vn -0.386100 0.544600 0.744500
vn -0.542500 -0.339100 0.768600
vn 0.101700 0.551800 0.827700
vn 0.377800 0.634200 0.674600
vn 0.248700 0.824900 0.507600
vn -0.765600 0.322300 0.556800
vn 0.379100 -0.516300 0.767900
vn -0.379100 -0.516300 0.767900
vn 0.332900 0.523100 0.784600
vn 0.542500 -0.339100 0.768600
vn 0.760600 -0.340000 0.553100
vn -0.897300 0.199400 0.393800
vn 0.266400 -0.848700 0.457000
vn -0.504100 0.644800 0.574500
vn 0.085900 -0.522200 0.848500
vn -0.256200 -0.311200 -0.915200
vn 0.690500 0.549200 0.470800
vn -0.690500 0.549200 0.470800
vn -0.407600 -0.790500 0.457000
vn -0.122000 0.045800 0.991500
vn -0.826800 -0.305100 0.472500
vn -0.153300 -0.964900 -0.213400
vn -0.661700 -0.202600 0.721900
vn 0.688800 0.186800 0.700500
vn -0.433800 0.888800 -0.148100
vn 0.087000 0.275600 0.957300
vn 0.203700 -0.814600 -0.543100
vn -0.203700 -0.814600 -0.543100
vn -0.438100 -0.798800 -0.412300
vn 0.438100 -0.798800 -0.412300
vn -0.266400 0.871000 -0.412700
vn 0.219700 0.862600 -0.455700
vn -0.778300 -0.353800 -0.518800
vn 0.786100 0.327600 -0.524100
vn -0.405600 0.760500 -0.507000
vn -0.637400 -0.765100 0.091500
vn 0.207400 0.829600 -0.518500
vn 0.500200 0.283300 0.818200
vn 0.768300 -0.329300 -0.548800
vn -0.365300 0.883300 -0.293800
vn 0.136700 -0.874800 0.464800
vn -0.188100 0.338700 0.921900
vn 0.578800 -0.504900 0.640400
vn -0.431900 -0.863900 0.259200
vn 0.776300 -0.063300 0.627200
vn -0.732500 -0.636800 0.240700
vn -0.523600 -0.329000 -0.785900
vn 0.588100 -0.307000 -0.748300
vn 0.374700 -0.834500 0.404000
vn 0.792900 -0.525200 -0.308900
vn 0.355700 -0.729000 0.584800
vn -0.950000 0.269200 -0.158300
vn 0.694700 -0.419700 0.584100
vn 0.702800 -0.391500 0.593900
vn -0.595700 -0.385000 0.704900
vn -0.417700 -0.575100 0.703400
vn 0.950000 0.269200 -0.158300
vn 0.597700 0.556500 0.577100
vn -0.301100 -0.012500 -0.953500
vn -0.048600 0.656000 0.753200
vn 0.779100 0.407400 0.476400
vn -0.710400 0.271500 0.649400
vn -0.596600 0.788800 0.147900
vn -0.864200 0.314300 -0.392800
vn 0.778200 -0.353700 -0.518800
vn 0.077000 -0.575900 0.813900
vn -0.161600 0.184700 0.969400
vn 0.298600 -0.823600 -0.482100
vn -0.326300 -0.834200 -0.444600
vn -0.089900 -0.784300 0.613800
vn -0.341600 -0.540900 0.768600
vn -0.292500 -0.075800 0.953300
vn 0.424400 0.903400 -0.060600
vn -0.403600 0.739900 0.538100
vn 0.446300 -0.845200 -0.294100
vn -0.214400 -0.834100 -0.508200
vn -0.006600 -0.231600 0.972800
vn -0.470600 -0.198100 0.859800
vn 0.314300 -0.392800 0.864200
vn -0.111900 0.962600 0.246800
vn 0.328800 -0.036000 0.943700
vn -0.219200 0.076600 -0.972700
vn 0.328300 -0.164200 0.930200
vn 0.407100 -0.895600 0.179100
vn -0.578800 -0.504900 0.640400
vn 0.290100 0.914100 -0.283300
vn -0.290100 0.914100 -0.283300
vn -0.086200 0.775900 0.625000
vn 0.086200 0.775900 0.625000
vn 0.844700 -0.533500 0.044500
vn -0.916600 -0.374000 0.141400
vn -0.433200 -0.487400 0.758100
vn 0.668400 -0.459500 0.584900
vn -0.902600 -0.407900 -0.137800
vn -0.328800 -0.036000 0.943700
vn 0.219200 0.076600 -0.972700
vn 0.735700 0.391000 0.553100
vn -0.875300 0.205900 0.437600
vn 0.927600 0.076200 0.365700
vn -0.927600 0.076200 0.365700
vn 0.753300 0.287000 0.591800
vn 0.259500 0.103800 0.960100
vn -0.844700 -0.533500 0.044500
vn 0.916600 -0.374000 0.141400
vn 0.975000 0.216900 0.049000
vn -0.975000 0.216900 0.049000
vn -0.717700 0.168900 0.675500
vn 0.546000 -0.431000 0.718400
vn 0.159800 0.390300 0.906700
vn 0.323100 0.031100 0.945900
vn 0.468100 -0.223900 0.854800
vn -0.500200 0.283300 0.818200
vn -0.203700 0.814600 -0.543100
vn -0.299500 -0.944200 -0.136800
vn 0.299500 -0.944200 -0.136800
vn -0.447200 0.000000 0.894400
vn -0.337800 0.522100 0.783100
vn -0.792900 -0.525200 -0.308900
vn 0.853800 0.232800 -0.465700
vn -0.646300 0.733700 0.209600
vn 0.848000 0.318000 0.424000
vn -0.868100 0.089300 -0.488300
vn 0.370700 -0.285100 0.883900
vn 0.697300 -0.661000 -0.277100
vn -0.736500 -0.615400 -0.280800
vn 0.104600 0.039200 0.993700
vn -0.173800 0.009700 0.984700
vn -0.271000 0.027100 0.962200
vn 0.433800 0.888800 -0.148100
vn -0.279700 0.524500 0.804200
vn 0.279700 0.524500 0.804200
vn 0.438100 0.798800 -0.412300
vn 0.746600 -0.664600 0.028500
vn -0.159900 -0.879700 0.447800
vn 0.280400 -0.218100 0.934800
vn 0.390000 -0.589500 0.707400
vn 0.851500 0.374400 -0.367000
vn 0.324300 -0.263300 0.908600
vn 0.537800 -0.114400 0.835300
vn -0.154800 0.508000 0.847300
vn 0.565700 0.119700 0.815900
vn -0.372700 -0.475900 -0.796600
vn 0.179600 0.788200 0.588600
vn 0.009900 0.386700 0.922100
vn 0.826800 -0.305100 0.472500
vn 0.153300 -0.964900 -0.213400
vn -0.768300 -0.329300 -0.548800
vn 0.371400 0.868500 -0.328400
vn 0.201600 -0.907100 0.369500
vn 0.082300 -0.782200 0.617500
vn 0.301500 -0.301500 0.904500
vn -0.712500 0.675500 -0.190000
vn -0.132200 -0.594700 0.793000
vn -0.468800 -0.871500 0.144200
vn 0.246100 0.085200 0.965500
vn -0.413400 0.041300 0.909600
vn -0.269200 -0.057700 0.961400
vn -0.037500 0.224700 0.973700
vn -0.058500 -0.084500 0.994700
vn 0.470600 -0.198100 0.859800
vn -0.021300 0.554600 0.831900
vn -0.398600 -0.875400 0.273400
vn -0.950100 0.245500 -0.192200
vn 0.894500 0.433700 0.108400
vn 0.285400 0.623700 0.727700
vn -0.537800 -0.114400 0.835300
vn -0.900400 0.364200 -0.238000
vn 0.920200 0.135500 -0.367200
vn 0.830500 -0.061500 0.553600
vn -0.387800 0.619200 -0.682800
vn 0.407600 -0.790500 0.457000
vn 0.210400 0.012400 0.977500
vn -0.630400 0.251700 -0.734300
vn 0.710400 0.136400 -0.690400
vn -0.577300 0.115500 0.808300
vn 0.369300 -0.471200 -0.801000
vn -0.613800 -0.257100 0.746500
vn 0.559700 -0.553300 0.616900
vn 0.593200 0.744500 -0.306300
vn -0.040000 0.339900 0.939600
vn 0.572400 -0.312200 0.758200
vn -0.581500 -0.521700 0.624300
vn -0.525600 -0.003000 -0.850700
vn 0.510800 -0.664900 -0.545000
vn 0.146600 0.010400 -0.989100
vn 0.369500 -0.856600 -0.360100
vn -0.273400 0.906400 0.322100
vn 0.168100 0.100500 -0.980600
vn -0.168100 0.100500 -0.980600
vn 0.271000 0.027100 0.962200
vn -0.661700 0.202600 0.721900
vn -0.324300 -0.263300 0.908600
vn 0.207600 -0.083600 0.974600
vn 0.378700 -0.036400 0.924800
vn -0.424400 -0.032000 0.904900
vn 0.126000 -0.962400 -0.240600
vn -0.782400 -0.329400 0.528500
vn 0.935800 0.139600 -0.323600
vn -0.300900 0.092600 0.949100
vn -0.281500 0.066200 0.957300
vn -0.468100 -0.223900 0.854800
vn 0.121100 -0.053000 -0.991200
vn -0.710400 -0.456700 0.535600
vn 0.919300 0.139300 -0.368200
vn 0.712500 0.675500 -0.190000
vn -0.085900 -0.522200 0.848500
vn -0.010700 -0.563300 -0.826200
vn 0.917300 0.344000 -0.200700
vn 0.048700 0.681500 0.730200
vn 0.398600 -0.875400 0.273400
vn 0.159600 -0.957700 -0.239400
vn -0.484100 0.874300 -0.036100
vn 0.930900 -0.254100 0.262400
vn -0.926400 -0.246000 0.285100
vn -0.830500 -0.061500 0.553600
vn 0.387800 0.619200 -0.682800
vn 0.781400 0.111600 0.614000
vn 0.424600 0.771100 0.474500
vn 0.328700 -0.916300 -0.229100
vn -0.068500 -0.274100 0.959300
vn -0.374700 -0.834500 0.404000
vn 0.295000 -0.045400 -0.954400
vn -0.023200 0.051100 0.998400
vn -0.004300 -0.065100 0.997900
vn 0.132000 0.975000 -0.178800
vn 0.300900 0.092600 0.949100
vn 0.159900 -0.879700 0.447800
vn -0.355300 -0.573900 0.737900
vn 0.037100 0.668500 0.742800
vn 0.825100 0.296800 0.480800
vn -0.472300 -0.198600 0.858800
vn 0.438800 -0.200800 0.875900
vn 0.657400 0.725400 -0.204000
vn 0.507000 -0.628100 0.590300
vn 0.728900 0.672900 0.126200
vn -0.181700 -0.007900 0.983300
vn -0.126000 -0.962400 -0.240600
vn 0.646300 0.733700 0.209600
vn 0.323800 0.943400 -0.072000
vn 0.943500 0.314500 0.104800
vn -0.925100 0.346900 0.154200
vn -0.068700 -0.994300 -0.081800
vn 0.068700 -0.994300 -0.081800
vn 0.341600 -0.540900 0.768600
vn 0.547000 -0.014400 -0.837000
vn 0.149700 -0.363500 -0.919500
vn 0.710400 -0.456700 0.535600
vn 0.058500 -0.078100 0.995200
vn -0.058500 -0.078100 0.995200
vn 0.981700 -0.030400 -0.188200
vn 0.448000 -0.448000 0.773700
vn -0.418900 -0.226500 -0.879300
vn -0.328700 -0.916300 -0.229100
vn 0.039000 -0.350900 0.935600
vn -0.728900 0.672900 0.126200
vn 0.318800 0.199300 0.926600
vn 0.621300 -0.776700 0.103600
vn -0.621300 -0.776700 0.103600
vn 0.469400 -0.240000 -0.849800
vn 0.466300 -0.599100 0.650900
vn -0.591400 0.748900 -0.299100
vn 0.040000 0.339900 0.939600
vn -0.369500 -0.856600 -0.360100
vn 0.273400 0.906400 0.322100
vn -0.183500 -0.786400 -0.589800
vn 0.419600 0.885100 -0.201200
vn 0.447200 -0.000000 0.894400
vn -0.082100 0.602300 0.794000
vn -0.657400 0.725400 -0.204000
vn -0.536400 -0.323000 0.779700
vn -0.553700 -0.297800 0.777700
vn 0.595700 -0.385000 0.704900
vn 0.509100 0.648200 0.566300
vn -0.266400 -0.848700 0.457000
vn -0.464900 0.195800 0.863400
vn 0.464900 0.195800 0.863400
vn 0.738600 0.376800 0.559000
vn 0.596600 0.788800 0.147900
vn 0.733000 0.678600 0.047200
vn -0.807300 0.590100 0.004100
vn 0.267300 0.801800 0.534500
vn -0.190000 0.971900 0.138800
vn 0.124000 0.992100 0.020700
vn -0.240800 0.963100 -0.120400
vn -0.087000 0.275600 0.957300
vn -0.781600 0.305800 -0.543700
vn -0.171700 -0.009000 0.985100
vn 0.689500 -0.664400 0.288300
vn -0.257000 0.072300 0.963700
vn -0.747100 0.113200 0.655000
vn 0.747100 0.113200 0.655000
vn -0.370700 -0.285100 0.883900
vn 0.796400 0.132300 -0.590100
vn -0.105400 -0.843300 0.527000
vn 0.188100 0.338700 0.921900
vn 0.222600 -0.469400 0.854500
vn -0.222600 -0.469400 0.854500
vn -0.164900 -0.664400 -0.728900
vn 0.361700 -0.385800 -0.848700
vn -0.328300 -0.164200 0.930200
vn 0.127200 0.965800 0.226000
vn 0.846500 0.529100 -0.059500
vn -0.826700 0.562700 -0.003500
vn 0.781500 -0.617600 0.088200
vn -0.793000 -0.594700 0.132200
vn -0.390000 -0.589500 0.707400
vn -0.851500 0.374400 -0.367000
vn -0.256000 0.807300 0.531700
vn 0.768400 0.329300 0.548800
vn -0.995600 0.089300 -0.028800
vn -0.130400 -0.260900 0.956500
vn -0.132000 0.975000 -0.178800
vn -0.935800 0.139600 -0.323600
vn -0.510800 -0.664900 -0.545000
vn -0.146600 0.010400 -0.989100
vn 0.661700 -0.202600 0.721900
vn -0.694700 -0.419700 0.584100
vn -0.439000 -0.525200 0.729000
vn -0.539600 -0.334300 -0.772700
vn 0.468800 -0.871500 0.144200
vn 0.681900 -0.291500 0.670900
vn -0.919300 0.139300 -0.368200
vn -0.301500 -0.301500 0.904500
vn 0.577400 0.577400 0.577400
vn -0.601300 0.526200 0.601300
vn 0.456800 0.050800 0.888100
vn 0.050200 0.234300 0.970900
vn 0.214600 0.924300 -0.315700
vn -0.251100 0.943900 -0.214500
vn -0.689500 -0.664400 0.288300
vn 0.253000 -0.189700 0.948700
vn -0.597700 0.556500 0.577100
vn 0.195200 -0.097600 -0.975900
vn -0.776300 -0.063300 0.627200
vn -0.495100 0.861800 -0.110000
vn -0.331900 0.073800 0.940400
vn -0.159800 0.390300 0.906700
vn -0.179600 0.788200 0.588600
vn -0.009900 0.386700 0.922100
vn -0.185400 -0.495600 0.848500
vn 0.902600 -0.407900 -0.137800
vn -0.945700 0.267300 -0.185000
vn 0.732500 -0.636800 0.240700
vn -0.763900 0.297100 0.572900
vn -0.809600 0.242900 -0.534300
usemtl None
s off
f 28//1 14//1 16//1
f 19//2 25//2 23//2
f 365//3 361//3 359//3
f 25//4 31//4 33//4
f 281//5 235//5 233//5
f 27//6 29//6 31//6
f 261//7 255//7 257//7
f 29//8 39//8 37//8
f 250//9 264//9 262//9
f 31//10 37//10 35//10
f 38//11 36//11 46//11
f 192//12 70//12 208//12
f 191//13 206//13 208//13
f 64//14 54//14 56//14
f 55//15 53//15 63//15
f 28//16 26//16 32//16
f 256//17 254//17 260//17
f 43//18 49//18 47//18
f 216//19 210//19 214//19
f 47//20 49//20 55//20
f 103//21 101//21 155//21
f 49//22 51//22 53//22
f 307//23 306//23 341//23
f 198//24 201//24 71//24
f 71//25 200//25 197//25
f 57//26 55//26 61//26
f 489//27 487//27 493//27
f 59//28 61//28 19//28
f 306//29 91//29 90//29
f 61//30 63//30 17//30
f 18//31 20//31 26//31
f 67//32 108//32 284//32
f 131//33 185//33 69//33
f 257//34 111//34 129//34
f 54//35 64//35 65//35
f 66//36 63//36 53//36
f 52//37 54//37 2//37
f 1//38 53//38 51//38
f 104//39 288//39 286//39
f 105//40 107//40 287//40
f 42//41 52//41 6//41
f 41//42 39//42 9//42
f 40//43 10//43 12//43
f 351//44 349//44 385//44
f 30//45 12//45 14//45
f 466//46 492//46 490//46
f 64//47 18//47 16//47
f 101//48 103//48 291//48
f 4//49 65//49 16//49
f 15//50 66//50 3//50
f 2//51 65//51 4//51
f 3//52 66//52 1//52
f 4//53 6//53 2//53
f 1//54 5//54 3//54
f 4//55 8//55 6//55
f 5//56 7//56 3//56
f 4//57 10//57 8//57
f 7//58 9//58 3//58
f 4//59 12//59 10//59
f 9//60 11//60 3//60
f 4//61 14//61 12//61
f 11//62 13//62 3//62
f 4//63 16//63 14//63
f 13//64 15//64 3//64
f 174//65 176//65 91//65
f 239//66 129//66 180//66
f 172//67 174//67 89//67
f 173//68 88//68 90//68
f 85//69 170//69 172//69
f 145//70 190//70 70//70
f 83//71 168//71 170//71
f 343//72 301//72 385//72
f 323//73 315//73 379//73
f 322//74 380//74 378//74
f 79//75 92//75 146//75
f 467//76 427//76 425//76
f 94//77 148//77 146//77
f 194//78 196//78 141//78
f 94//79 96//79 150//79
f 132//33 130//33 69//33
f 98//80 152//80 150//80
f 413//81 411//81 393//81
f 100//82 154//82 152//82
f 101//83 99//83 153//83
f 95//84 93//84 147//84
f 140//85 195//85 193//85
f 102//86 104//86 158//86
f 308//87 307//87 337//87
f 106//88 160//88 158//88
f 358//89 360//89 364//89
f 108//90 162//90 160//90
f 371//91 369//91 367//91
f 42//92 8//92 10//92
f 5//93 51//93 41//93
f 155//94 125//94 127//94
f 74//95 285//95 73//95
f 352//96 350//96 78//96
f 353//97 304//97 78//97
f 156//98 158//98 179//98
f 157//99 127//99 180//99
f 154//100 156//100 126//100
f 207//101 205//101 194//101
f 152//102 154//102 124//102
f 153//103 123//103 125//103
f 150//104 152//104 122//104
f 151//105 121//105 123//105
f 148//106 150//106 120//106
f 407//107 397//107 395//107
f 146//108 148//108 118//108
f 147//109 117//109 119//109
f 164//110 146//110 116//110
f 165//111 115//111 117//111
f 114//112 181//112 177//112
f 177//113 182//113 115//113
f 473//114 423//114 409//114
f 472//115 420//115 408//115
f 386//116 380//116 322//116
f 387//117 321//117 323//117
f 181//118 183//118 178//118
f 52//119 42//119 44//119
f 135//120 137//120 176//120
f 176//121 137//121 136//121
f 133//122 135//122 174//122
f 175//123 136//123 134//123
f 133//124 174//124 172//124
f 359//125 302//125 303//125
f 166//126 187//126 185//126
f 339//127 337//127 331//127
f 133//128 170//128 168//128
f 144//129 191//129 70//129
f 173//130 171//130 86//130
f 100//131 98//131 294//131
f 295//132 99//132 101//132
f 203//133 201//133 198//133
f 197//134 200//134 202//134
f 142//135 193//135 191//135
f 319//136 299//136 297//136
f 114//137 252//137 234//137
f 115//138 182//138 235//138
f 197//139 195//139 140//139
f 198//140 139//140 141//140
f 311//141 313//141 449//141
f 71//142 138//142 139//142
f 186//143 188//143 167//143
f 330//144 336//144 338//144
f 209//145 213//145 166//145
f 210//146 82//146 167//146
f 71//147 199//147 200//147
f 201//148 199//148 71//148
f 310//149 312//149 368//149
f 369//150 313//150 311//150
f 202//151 204//151 193//151
f 113//152 111//152 257//152
f 192//153 194//153 143//153
f 296//154 298//154 318//154
f 312//155 382//155 370//155
f 371//156 383//156 313//156
f 447//157 439//157 441//157
f 139//158 140//158 164//158
f 165//159 141//159 139//159
f 140//160 142//160 211//160
f 212//161 143//161 141//161
f 144//162 213//162 211//162
f 165//163 139//163 177//163
f 187//164 166//164 213//164
f 235//165 182//165 184//165
f 491//166 493//166 467//166
f 29//167 27//167 13//167
f 349//168 351//168 78//168
f 78//169 350//169 348//169
f 79//170 164//170 211//170
f 212//171 165//171 80//171
f 130//172 72//172 222//172
f 130//173 132//173 223//173
f 133//174 131//174 222//174
f 223//175 132//175 134//175
f 135//176 133//176 220//176
f 251//177 253//177 263//177
f 137//178 135//178 218//178
f 424//179 426//179 466//179
f 218//180 229//180 231//180
f 425//181 423//181 471//181
f 218//182 220//182 227//182
f 215//183 211//183 213//183
f 220//184 222//184 225//184
f 297//185 97//185 295//185
f 72//186 224//186 225//186
f 273//187 243//187 245//187
f 224//188 231//188 229//188
f 230//189 231//189 224//189
f 352//190 380//190 386//190
f 353//191 351//191 387//191
f 456//192 480//192 478//192
f 457//193 459//193 479//193
f 112//194 183//194 232//194
f 285//195 109//195 67//195
f 248//196 246//196 268//196
f 269//197 247//197 249//197
f 39//198 29//198 11//198
f 350//199 386//199 384//199
f 114//200 116//200 250//200
f 256//201 258//201 276//201
f 116//202 118//202 248//202
f 287//203 107//203 109//203
f 148//204 120//204 246//204
f 120//205 122//205 244//205
f 361//206 74//206 302//206
f 124//207 242//207 244//207
f 325//208 77//208 304//208
f 126//209 240//209 242//209
f 127//210 125//210 243//210
f 126//211 179//211 236//211
f 487//212 477//212 465//212
f 20//213 62//213 60//213
f 89//214 91//214 306//214
f 15//215 17//215 63//215
f 100//216 292//216 290//216
f 241//217 243//217 273//217
f 240//218 274//218 272//218
f 236//219 238//219 276//219
f 377//220 371//220 373//220
f 236//221 278//221 274//221
f 237//222 241//222 275//222
f 134//223 171//223 173//223
f 503//224 393//224 395//224
f 480//225 482//225 484//225
f 481//226 479//226 485//226
f 244//227 270//227 268//227
f 205//228 199//228 201//228
f 182//229 177//229 178//229
f 43//230 41//230 51//230
f 248//231 266//231 264//231
f 385//232 301//232 299//232
f 216//233 80//233 347//233
f 215//234 344//234 346//234
f 360//235 358//235 302//235
f 245//236 123//236 121//236
f 327//237 333//237 82//237
f 326//238 209//238 81//238
f 254//239 232//239 282//239
f 317//240 355//240 75//240
f 62//241 56//241 58//241
f 488//242 490//242 492//242
f 379//243 315//243 377//243
f 378//244 374//244 376//244
f 125//245 123//245 245//245
f 324//246 352//246 304//246
f 431//247 415//247 417//247
f 430//248 450//248 416//248
f 102//249 290//249 288//249
f 415//250 431//250 383//250
f 448//251 432//251 450//251
f 449//252 431//252 451//252
f 432//253 434//253 460//253
f 461//254 435//254 433//254
f 502//255 504//255 506//255
f 97//256 99//256 295//256
f 96//257 94//257 298//257
f 501//258 497//258 495//258
f 94//259 92//259 300//259
f 441//260 419//260 413//260
f 289//261 287//261 285//261
f 284//262 286//262 288//262
f 233//263 184//263 113//263
f 17//264 27//264 25//264
f 247//265 121//265 149//265
f 406//266 408//266 394//266
f 484//267 486//267 476//267
f 485//268 453//268 477//268
f 87//269 89//269 340//269
f 44//270 46//270 48//270
f 85//271 87//271 334//271
f 335//272 88//272 86//272
f 85//273 334//273 330//273
f 489//274 483//274 485//274
f 188//275 145//275 214//275
f 183//276 181//276 234//276
f 334//277 340//277 336//277
f 417//278 415//278 403//278
f 332//279 338//279 328//279
f 333//280 327//280 329//280
f 83//281 330//281 332//281
f 372//282 370//282 376//282
f 54//283 52//283 50//283
f 307//284 336//284 340//284
f 326//285 342//285 209//285
f 342//286 344//286 215//286
f 249//287 251//287 265//287
f 298//288 300//288 384//288
f 346//289 300//289 92//289
f 400//290 494//290 506//290
f 394//291 500//291 498//291
f 395//292 397//292 499//292
f 283//293 233//293 255//293
f 75//294 354//294 316//294
f 232//295 234//295 280//295
f 26//296 24//296 34//296
f 305//297 348//297 328//297
f 224//298 226//298 228//298
f 328//299 348//299 342//299
f 329//300 327//300 343//300
f 219//301 136//301 137//301
f 147//302 93//302 80//302
f 316//303 324//303 77//303
f 190//304 189//304 187//304
f 187//305 189//305 69//305
f 188//306 186//306 69//306
f 303//307 356//307 354//307
f 484//308 482//308 488//308
f 263//309 253//309 235//309
f 234//310 252//310 262//310
f 292//311 294//311 362//311
f 363//312 295//312 293//312
f 364//313 362//313 368//313
f 369//314 363//314 365//314
f 251//315 117//315 115//315
f 257//316 239//316 277//316
f 107//317 105//317 159//317
f 20//318 22//318 24//318
f 489//319 471//319 473//319
f 488//320 482//320 472//320
f 316//321 354//321 374//321
f 375//322 355//322 317//322
f 354//323 356//323 372//323
f 128//324 160//324 162//324
f 356//325 358//325 366//325
f 405//326 399//326 397//326
f 341//327 90//327 88//327
f 228//328 221//328 219//328
f 292//329 362//329 364//329
f 293//330 291//330 361//330
f 438//331 456//331 458//331
f 439//332 437//332 459//332
f 320//333 322//333 504//333
f 505//334 323//334 321//334
f 284//335 290//335 360//335
f 361//336 291//336 285//336
f 193//337 204//337 206//337
f 296//338 310//338 362//338
f 503//339 495//339 507//339
f 335//340 331//340 337//340
f 402//341 414//341 416//341
f 112//342 68//342 178//342
f 178//343 68//343 113//343
f 376//344 370//344 382//344
f 446//345 444//345 440//345
f 317//346 76//346 77//346
f 190//347 145//347 188//347
f 384//348 386//348 320//348
f 385//349 319//349 321//349
f 329//350 349//350 305//350
f 224//351 229//351 227//351
f 300//352 344//352 342//352
f 343//353 345//353 301//353
f 367//354 359//354 357//354
f 404//355 406//355 396//355
f 300//356 346//356 344//356
f 345//357 347//357 301//357
f 438//358 440//358 454//358
f 455//359 441//359 439//359
f 378//360 380//360 324//360
f 428//361 426//361 404//361
f 103//362 105//362 289//362
f 382//363 430//363 414//363
f 301//364 93//364 95//364
f 412//365 418//365 440//365
f 324//366 380//366 352//366
f 353//367 381//367 325//367
f 388//368 414//368 402//368
f 389//369 401//369 403//369
f 400//370 402//370 404//370
f 405//371 403//371 401//371
f 347//372 80//372 93//372
f 401//373 389//373 507//373
f 221//374 134//374 136//374
f 30//375 32//375 38//375
f 408//376 410//376 392//376
f 409//377 395//377 393//377
f 373//378 357//378 355//378
f 129//379 111//379 163//379
f 99//380 97//380 151//380
f 392//381 410//381 412//381
f 424//382 422//382 408//382
f 425//383 407//383 409//383
f 426//384 424//384 406//384
f 427//385 405//385 407//385
f 102//386 156//386 154//386
f 56//387 50//387 48//387
f 42//388 40//388 38//388
f 37//389 39//389 41//389
f 320//390 444//390 442//390
f 321//391 319//391 443//391
f 390//392 412//392 444//392
f 391//393 321//393 445//393
f 310//394 318//394 442//394
f 443//395 319//395 311//395
f 109//396 107//396 161//396
f 366//397 368//397 370//397
f 383//398 315//398 507//398
f 382//399 388//399 506//399
f 474//400 418//400 410//400
f 475//401 421//401 411//401
f 434//402 446//402 438//402
f 439//403 447//403 435//403
f 448//404 446//404 434//404
f 449//405 433//405 435//405
f 436//406 458//406 460//406
f 437//407 435//407 461//407
f 128//408 110//408 256//408
f 27//409 17//409 15//409
f 312//410 448//410 430//410
f 431//411 449//411 313//411
f 442//412 446//412 448//412
f 112//413 254//413 256//413
f 442//414 444//414 446//414
f 447//415 445//415 443//415
f 416//416 450//416 452//416
f 463//417 453//417 485//417
f 169//418 167//418 82//418
f 81//419 166//419 168//419
f 72//420 223//420 226//420
f 244//421 242//421 272//421
f 226//142 223//142 221//142
f 296//422 362//422 294//422
f 175//423 90//423 91//423
f 179//424 128//424 238//424
f 128//425 179//425 158//425
f 159//426 180//426 129//426
f 440//427 418//427 474//427
f 475//428 419//428 441//428
f 428//429 416//429 476//429
f 477//430 417//430 429//430
f 426//431 428//431 464//431
f 465//432 429//432 427//432
f 309//433 308//433 339//433
f 309//434 328//434 338//434
f 169//435 171//435 134//435
f 358//436 356//436 303//436
f 422//437 470//437 472//437
f 420//438 472//438 474//438
f 396//439 498//439 496//439
f 397//440 399//440 497//440
f 432//441 462//441 452//441
f 433//442 451//442 453//442
f 249//443 119//443 117//443
f 108//444 106//444 286//444
f 32//445 34//445 36//445
f 37//446 43//446 45//446
f 377//447 315//447 383//447
f 208//448 206//448 199//448
f 355//449 357//449 303//449
f 331//450 335//450 86//450
f 299//451 95//451 97//451
f 494//452 496//452 500//452
f 458//453 478//453 462//453
f 463//454 479//454 459//454
f 474//455 480//455 456//455
f 475//456 455//456 457//456
f 472//457 482//457 480//457
f 481//458 483//458 473//458
f 18//459 64//459 62//459
f 151//460 97//460 95//460
f 490//461 488//461 470//461
f 491//462 469//462 471//462
f 429//463 403//463 405//463
f 379//464 317//464 325//464
f 464//465 492//465 466//465
f 467//466 493//466 465//466
f 392//467 390//467 504//467
f 505//468 391//468 393//468
f 394//469 392//469 502//469
f 162//470 68//470 112//470
f 333//471 331//471 84//471
f 277//472 239//472 237//472
f 67//473 109//473 163//473
f 67//474 68//474 162//474
f 245//475 247//475 269//475
f 204//476 202//476 200//476
f 399//477 401//477 495//477
f 398//478 496//478 494//478
f 453//479 451//479 417//479
f 462//480 478//480 484//480
f 159//481 105//481 103//481
f 308//482 338//482 336//482
f 496//483 498//483 500//483
f 501//484 499//484 497//484
f 171//485 169//485 84//485
f 293//486 361//486 365//486
f 314//487 506//487 504//487
f 505//488 507//488 315//488
f 145//489 143//489 212//489
f 177//490 139//490 164//490
f 87//491 172//491 89//491
f 175//492 173//492 90//492
f 98//493 100//493 152//493
f 155//494 101//494 153//494
f 126//495 156//495 179//495
f 159//496 157//496 180//496
f 122//497 152//497 124//497
f 155//498 153//498 125//498
f 120//499 150//499 122//499
f 153//500 151//500 123//500
f 151//501 149//501 121//501
f 116//502 146//502 118//502
f 149//503 147//503 119//503
f 114//504 164//504 116//504
f 147//505 165//505 117//505
f 237//506 180//506 127//506
f 464//507 476//507 486//507
f 174//508 135//508 176//508
f 175//509 176//509 136//509
f 163//510 111//510 113//510
f 185//511 131//511 168//511
f 186//512 169//512 132//512
f 139//513 197//513 140//513
f 196//514 198//514 141//514
f 138//184 71//184 139//184
f 448//515 312//515 310//515
f 204//516 199//516 206//516
f 205//517 207//517 199//517
f 164//518 140//518 211//518
f 165//519 212//519 141//519
f 215//520 79//520 211//520
f 216//521 212//521 80//521
f 131//522 130//522 222//522
f 72//523 130//523 223//523
f 220//524 133//524 222//524
f 221//525 223//525 134//525
f 248//526 118//526 246//526
f 249//527 247//527 119//527
f 124//528 126//528 242//528
f 241//529 127//529 243//529
f 240//530 236//530 274//530
f 279//531 237//531 275//531
f 98//532 96//532 294//532
f 326//533 332//533 328//533
f 339//534 333//534 329//534
f 343//535 210//535 216//535
f 343//536 327//536 210//536
f 326//537 328//537 342//537
f 349//538 329//538 343//538
f 384//539 300//539 342//539
f 366//540 364//540 368//540
f 367//541 369//541 365//541
f 378//542 316//542 374//542
f 379//543 375//543 317//543
f 290//544 292//544 360//544
f 74//545 284//545 360//545
f 74//546 361//546 285//546
f 311//547 297//547 363//547
f 318//548 384//548 320//548
f 387//549 385//549 321//549
f 400//550 388//550 402//550
f 415//551 389//551 403//551
f 398//552 400//552 404//552
f 399//553 405//553 401//553
f 394//554 408//554 392//554
f 411//555 409//555 393//555
f 412//556 410//556 418//556
f 413//557 419//557 411//557
f 410//558 408//558 420//558
f 411//559 421//559 409//559
f 406//560 424//560 408//560
f 423//561 425//561 409//561
f 404//562 426//562 406//562
f 425//563 427//563 407//563
f 318//564 320//564 442//564
f 445//565 321//565 443//565
f 320//566 390//566 444//566
f 413//567 391//567 445//567
f 203//568 196//568 194//568
f 436//33 434//33 438//33
f 437//33 439//33 435//33
f 432//569 448//569 434//569
f 447//570 449//570 435//570
f 382//571 312//571 430//571
f 383//572 431//572 313//572
f 447//573 443//573 449//573
f 454//574 440//574 474//574
f 455//574 475//574 441//574
f 464//575 428//575 476//575
f 465//576 477//576 429//576
f 466//577 426//577 464//577
f 467//578 465//578 427//578
f 471//579 423//579 473//579
f 473//580 421//580 475//580
f 460//33 458//33 462//33
f 461//33 463//33 459//33
f 454//581 474//581 456//581
f 481//582 475//582 457//582
f 474//583 472//583 480//583
f 475//584 481//584 473//584
f 468//585 490//585 470//585
f 489//586 491//586 471//586
f 502//587 392//587 504//587
f 503//588 505//588 393//588
f 322//589 314//589 504//589
f 323//590 505//590 315//590
f 424//591 468//591 470//591
f 219//592 217//592 231//592
f 18//593 28//593 16//593
f 21//594 19//594 23//594
f 367//595 365//595 359//595
f 23//596 25//596 33//596
f 283//597 281//597 233//597
f 25//598 27//598 31//598
f 259//599 261//599 257//599
f 31//600 29//600 37//600
f 252//601 250//601 262//601
f 33//602 31//602 35//602
f 44//603 38//603 46//603
f 207//12 192//12 208//12
f 70//13 191//13 208//13
f 62//604 64//604 56//604
f 61//605 55//605 63//605
f 30//606 28//606 32//606
f 258//607 256//607 260//607
f 45//608 43//608 47//608
f 212//609 216//609 214//609
f 57//610 47//610 55//610
f 157//611 103//611 155//611
f 55//612 49//612 53//612
f 337//613 307//613 341//613
f 139//614 198//614 71//614
f 139//615 71//615 197//615
f 59//616 57//616 61//616
f 491//617 489//617 493//617
f 21//618 59//618 19//618
f 341//619 306//619 90//619
f 19//620 61//620 17//620
f 28//621 18//621 26//621
f 73//622 67//622 284//622
f 130//33 131//33 69//33
f 239//623 257//623 129//623
f 2//624 54//624 65//624
f 1//625 66//625 53//625
f 6//626 52//626 2//626
f 5//627 1//627 51//627
f 106//628 104//628 286//628
f 289//629 105//629 287//629
f 8//630 42//630 6//630
f 7//631 41//631 9//631
f 30//632 40//632 12//632
f 387//633 351//633 385//633
f 28//634 30//634 14//634
f 468//635 466//635 490//635
f 65//636 64//636 16//636
f 293//637 101//637 291//637
f 89//638 174//638 91//638
f 237//639 239//639 180//639
f 87//640 85//640 172//640
f 192//641 145//641 70//641
f 85//642 83//642 170//642
f 349//643 343//643 385//643
f 381//644 323//644 379//644
f 314//645 322//645 378//645
f 164//646 79//646 146//646
f 469//647 467//647 425//647
f 92//648 94//648 146//648
f 143//649 194//649 141//649
f 148//650 94//650 150//650
f 186//33 132//33 69//33
f 96//651 98//651 150//651
f 391//652 413//652 393//652
f 149//653 95//653 147//653
f 142//654 140//654 193//654
f 156//655 102//655 158//655
f 339//656 308//656 337//656
f 104//657 106//657 158//657
f 366//658 358//658 364//658
f 106//659 108//659 160//659
f 373//660 371//660 367//660
f 40//661 42//661 10//661
f 7//662 5//662 41//662
f 157//663 155//663 127//663
f 284//664 74//664 73//664
f 304//665 352//665 78//665
f 351//666 353//666 78//666
f 124//667 154//667 126//667
f 192//668 207//668 194//668
f 409//669 407//669 395//669
f 421//670 473//670 409//670
f 422//671 472//671 408//671
f 320//672 386//672 322//672
f 381//673 387//673 323//673
f 177//674 181//674 178//674
f 50//675 52//675 44//675
f 170//676 133//676 172//676
f 357//677 359//677 303//677
f 168//678 166//678 185//678
f 333//679 339//679 331//679
f 131//680 133//680 168//680
f 190//681 144//681 70//681
f 88//682 173//682 86//682
f 292//683 100//683 294//683
f 293//684 295//684 101//684
f 196//685 203//685 198//685
f 195//686 197//686 202//686
f 144//687 142//687 191//687
f 311//688 319//688 297//688
f 181//689 114//689 234//689
f 253//690 115//690 235//690
f 443//691 311//691 449//691
f 169//692 186//692 167//692
f 332//693 330//693 338//693
f 81//694 209//694 166//694
f 214//695 210//695 167//695
f 362//696 310//696 368//696
f 363//697 369//697 311//697
f 195//698 202//698 193//698
f 255//699 113//699 257//699
f 145//700 192//700 143//700
f 310//701 296//701 318//701
f 368//702 312//702 370//702
f 369//703 371//703 313//703
f 445//704 447//704 441//704
f 142//705 144//705 211//705
f 115//706 165//706 177//706
f 144//707 187//707 213//707
f 233//708 235//708 184//708
f 469//709 491//709 467//709
f 11//710 29//710 13//710
f 305//711 349//711 78//711
f 305//712 78//712 348//712
f 218//713 135//713 220//713
f 265//714 251//714 263//714
f 217//33 137//33 218//33
f 468//715 424//715 466//715
f 217//180 218//180 231//180
f 469//716 425//716 471//716
f 229//717 218//717 227//717
f 209//718 215//718 213//718
f 227//184 220//184 225//184
f 363//719 297//719 295//719
f 222//186 72//186 225//186
f 271//720 273//720 245//720
f 350//721 352//721 386//721
f 381//722 353//722 387//722
f 458//723 456//723 478//723
f 481//724 457//724 479//724
f 254//725 112//725 232//725
f 73//726 285//726 67//726
f 266//727 248//727 268//727
f 267//728 269//728 249//728
f 9//729 39//729 11//729
f 348//730 350//730 384//730
f 252//731 114//731 250//731
f 238//732 256//732 276//732
f 250//733 116//733 248//733
f 285//734 287//734 109//734
f 118//735 148//735 246//735
f 246//736 120//736 244//736
f 359//737 361//737 302//737
f 122//738 124//738 244//738
f 353//739 325//739 304//739
f 240//740 126//740 236//740
f 493//741 487//741 465//741
f 22//742 20//742 60//742
f 340//743 89//743 306//743
f 66//744 15//744 63//744
f 102//745 100//745 290//745
f 275//746 241//746 273//746
f 242//747 240//747 272//747
f 278//748 236//748 276//748
f 375//749 377//749 373//749
f 175//750 134//750 173//750
f 501//751 503//751 395//751
f 478//752 480//752 484//752
f 483//753 481//753 485//753
f 246//754 244//754 268//754
f 203//755 205//755 201//755
f 184//756 182//756 178//756
f 49//757 43//757 51//757
f 250//758 248//758 264//758
f 319//759 385//759 299//759
f 345//760 216//760 347//760
f 79//761 215//761 346//761
f 74//762 360//762 302//762
f 247//763 245//763 121//763
f 210//764 327//764 82//764
f 332//765 326//765 81//765
f 260//766 254//766 282//766
f 76//767 317//767 75//767
f 60//768 62//768 58//768
f 486//769 488//769 492//769
f 375//770 379//770 377//770
f 314//771 378//771 376//771
f 243//772 125//772 245//772
f 77//773 324//773 304//773
f 451//774 431//774 417//774
f 414//775 430//775 416//775
f 104//776 102//776 288//776
f 389//777 415//777 383//777
f 430//778 448//778 450//778
f 433//779 449//779 451//779
f 462//253 432//253 460//253
f 463//254 461//254 433//254
f 494//780 502//780 506//780
f 296//781 96//781 298//781
f 503//782 501//782 495//782
f 298//783 94//783 300//783
f 445//784 441//784 413//784
f 291//785 289//785 285//785
f 290//786 284//786 288//786
f 255//787 233//787 113//787
f 19//788 17//788 25//788
f 119//789 247//789 149//789
f 396//790 406//790 394//790
f 452//791 484//791 476//791
f 487//792 485//792 477//792
f 334//793 87//793 340//793
f 50//794 44//794 48//794
f 83//795 85//795 330//795
f 487//796 489//796 485//796
f 167//797 188//797 214//797
f 232//798 183//798 234//798
f 330//799 334//799 336//799
f 429//800 417//800 403//800
f 81//801 83//801 332//801
f 374//802 372//802 376//802
f 56//803 54//803 50//803
f 306//804 307//804 340//804
f 209//805 342//805 215//805
f 267//806 249//806 265//806
f 318//807 298//807 384//807
f 79//808 346//808 92//808
f 388//809 400//809 506//809
f 396//810 394//810 498//810
f 501//811 395//811 499//811
f 261//812 283//812 255//812
f 76//813 75//813 316//813
f 282//814 232//814 280//814
f 32//815 26//815 34//815
f 309//816 305//816 328//816
f 230//817 224//817 228//817
f 217//33 219//33 137//33
f 165//818 147//818 80//818
f 76//819 316//819 77//819
f 144//820 190//820 187//820
f 185//821 187//821 69//821
f 189//305 188//305 69//305
f 75//822 303//822 354//822
f 486//823 484//823 488//823
f 281//309 263//309 235//309
f 280//310 234//310 262//310
f 253//824 251//824 115//824
f 259//825 257//825 277//825
f 161//826 107//826 159//826
f 26//827 20//827 24//827
f 483//828 489//828 473//828
f 470//829 488//829 472//829
f 374//830 354//830 372//830
f 110//831 128//831 162//831
f 372//832 356//832 366//832
f 407//833 405//833 397//833
f 335//834 341//834 88//834
f 230//835 228//835 219//835
f 360//836 292//836 364//836
f 436//837 438//837 458//837
f 457//838 439//838 459//838
f 390//839 320//839 504//839
f 391//840 505//840 321//840
f 191//841 193//841 206//841
f 505//842 503//842 507//842
f 341//843 335//843 337//843
f 428//844 402//844 416//844
f 183//845 112//845 178//845
f 184//846 178//846 113//846
f 314//847 376//847 382//847
f 438//848 446//848 440//848
f 325//849 317//849 77//849
f 189//304 190//304 188//304
f 309//850 329//850 305//850
f 225//851 224//851 227//851
f 373//852 367//852 357//852
f 398//853 404//853 396//853
f 456//854 438//854 454//854
f 457//855 455//855 439//855
f 316//856 378//856 324//856
f 402//857 428//857 404//857
f 291//858 103//858 289//858
f 388//859 382//859 414//859
f 299//860 301//860 95//860
f 444//861 412//861 440//861
f 301//862 347//862 93//862
f 495//863 401//863 507//863
f 219//864 221//864 136//864
f 40//865 30//865 38//865
f 375//866 373//866 355//866
f 161//867 129//867 163//867
f 153//868 99//868 151//868
f 390//869 392//869 412//869
f 100//870 102//870 154//870
f 58//871 56//871 48//871
f 44//872 42//872 38//872
f 43//873 37//873 41//873
f 163//874 109//874 161//874
f 372//875 366//875 370//875
f 389//876 383//876 507//876
f 314//877 382//877 506//877
f 420//878 474//878 410//878
f 419//879 475//879 411//879
f 434//880 436//880 460//880
f 459//881 437//881 461//881
f 238//882 128//882 256//882
f 13//883 27//883 15//883
f 110//884 112//884 256//884
f 476//885 416//885 452//885
f 479//886 463//886 485//886
f 84//887 169//887 82//887
f 83//888 81//888 168//888
f 224//420 72//420 226//420
f 270//889 244//889 272//889
f 228//142 226//142 221//142
f 96//890 296//890 294//890
f 176//891 175//891 91//891
f 236//892 179//892 238//892
f 160//893 128//893 158//893
f 161//894 159//894 129//894
f 329//895 309//895 339//895
f 308//896 309//896 338//896
f 132//897 169//897 134//897
f 302//898 358//898 303//898
f 398//899 396//899 496//899
f 499//900 397//900 497//900
f 450//901 432//901 452//901
f 463//902 433//902 453//902
f 251//903 249//903 117//903
f 284//904 108//904 286//904
f 38//905 32//905 36//905
f 35//906 37//906 45//906
f 371//907 377//907 383//907
f 207//908 208//908 199//908
f 75//909 355//909 303//909
f 84//910 331//910 86//910
f 297//911 299//911 97//911
f 502//912 494//912 500//912
f 20//913 18//913 62//913
f 149//914 151//914 95//914
f 427//915 429//915 405//915
f 381//916 379//916 325//916
f 500//917 394//917 502//917
f 110//918 162//918 112//918
f 82//919 333//919 84//919
f 279//920 277//920 237//920
f 68//921 67//921 163//921
f 108//922 67//922 162//922
f 271//923 245//923 269//923
f 199//924 204//924 200//924
f 497//925 399//925 495//925
f 400//926 398//926 494//926
f 477//927 453//927 417//927
f 452//928 462//928 484//928
f 157//929 159//929 103//929
f 307//930 308//930 336//930
f 86//931 171//931 84//931
f 363//932 293//932 365//932
f 214//933 145//933 212//933
f 114//934 177//934 164//934
f 241//935 237//935 127//935
f 492//936 464//936 486//936
f 68//937 163//937 113//937
f 442//938 448//938 310//938
f 345//939 343//939 216//939
f 348//940 384//940 342//940
f 205//941 203//941 194//941
f 422//942 424//942 470//942
f 230//592 219//592 231//592
